0.080092
0.032037
0.052632
0.1373
0.19222
0.272311
0.336384
0.361556
0.347826
0.375286
0.402746
0.441648
0.560641
0.084668
0.086957
0.125858
0.203661
0.215103
0.258581
0.350114
0.391304
0.347826
0.393593
0.418764
0.473684
0.578947
0.025172
0.048055
0.061785
0.15103
0.240275
0.329519
0.368421
0.368421
0.315789
0.336384
0.395881
0.455378
0.524027
0.093822
0.061785
0.114416
0.176201
0.254005
0.281465
0.368421
0.375286
0.343249
0.356979
0.450801
0.475973
0.544622
0.043478
0.04119
0.141876
0.201373
0.283753
0.338673
0.379863
0.352403
0.347826
0.372998
0.427918
0.464531
0.544622
0.09611
0.057208
0.105263
0.153318
0.17849
0.299771
0.361556
0.411899
0.425629
0.402746
0.439359
0.485126
0.601831
0.036613
0.075515
0.12357
0.21968
0.265446
0.329519
0.340961
0.340961
0.366133
0.395881
0.441648
0.457666
0.553776
0.070938
0.004577
0.15103
0.256293
0.334096
0.356979
0.315789
0.368421
0.356979
0.393593
0.427918
0.466819
0.558352
0.091533
0.009153
0.141876
0.231121
0.237986
0.338673
0.395881
0.391304
0.379863
0.384439
0.469108
0.471396
0.551487
0.05492
0.084668
0.146453
0.196796
0.299771
0.324943
0.395881
0.398169
0.347826
0.421053
0.462243
0.494279
0.565217
0.084668
0.107551
0.16476
0.237986
0.308924
0.363844
0.437071
0.414188
0.389016
0.407323
0.478261
0.501144
0.581236
0.155606
0.279176
0.407323
0.546911
0.620137
0.491991
0.489703
0.501144
0.489703
0.556064
0.677346
0.610984
0.681922
0.297483
0.395881
0.542334
0.629291
0.636156
0.551487
0.572082
0.565217
0.540046
0.594966
0.679634
0.654462
0.709382
0.258581
0.423341
0.510297
0.617849
0.636156
0.643021
0.636156
0.631579
0.624714
0.681922
0.665904
0.640732
0.757437
0.320366
0.402746
0.521739
0.604119
0.636156
0.652174
0.647597
0.624714
0.590389
0.638444
0.661327
0.679634
0.79405
0.324943
0.478261
0.581236
0.661327
0.684211
0.750572
0.778032
0.762014
0.709382
0.71167
0.743707
0.732265
0.78032
0.352403
0.457666
0.569794
0.659039
0.741419
0.775744
0.798627
0.800915
0.750572
0.76659
0.775744
0.82151
0.87643
0.324943
0.368421
0.491991
0.677346
0.78032
0.743707
0.775744
0.78032
0.775744
0.796339
0.816934
0.823799
0.90389
0.249428
0.295195
0.482838
0.640732
0.768879
0.773455
0.7254
0.798627
0.775744
0.800915
0.832952
0.860412
0.938215
0.270023
0.386728
0.450801
0.606407
0.732265
0.805492
0.812357
0.782609
0.782609
0.810069
0.832952
0.832952
0.906178
0.28833
0.432494
0.526316
0.627002
0.745995
0.810069
0.762014
0.784897
0.757437
0.768879
0.82151
0.814645
0.878719
0.329519
0.407323
0.498856
0.617849
0.723112
0.764302
0.716247
0.787185
0.697941
0.764302
0.775744
0.778032
0.823799
0.295195
0.292906
0.432494
0.604119
0.693364
0.729977
0.729977
0.757437
0.798627
0.79405
0.887872
0.860412
0.901602
0.306636
0.354691
0.414188
0.530892
0.638444
0.704805
0.775744
0.784897
0.826087
0.924485
0.981693
0.947368
0.97254
0.224256
0.263158
0.384439
0.521739
0.643021
0.759725
0.762014
0.800915
0.84897
0.961098
0.983982
0.940503
0.97254
0.377574
0.398169
0.464531
0.569794
0.677346
0.743707
0.814645
0.894737
0.8627
0.947368
0.995423
0.974828
1.0
0.334096
0.354691
0.540046
0.617849
0.656751
0.764302
0.773455
0.814645
0.894737
0.910755
0.951945
0.956522
0.981693
0.265446
0.279176
0.350114
0.489703
0.572082
0.622426
0.695652
0.805492
0.789474
0.864989
0.853547
0.855835
0.881007
0.160183
0.116705
0.217391
0.322654
0.432494
0.439359
0.537757
0.649886
0.645309
0.691076
0.697941
0.691076
0.695652
0.105263
0.135011
0.141876
0.306636
0.345538
0.366133
0.450801
0.521739
0.537757
0.583524
0.578947
0.567506
0.633867
0.066362
0.093822
0.15103
0.267735
0.329519
0.377574
0.393593
0.453089
0.457666
0.528604
0.546911
0.542334
0.594966
0.073227
0.089245
0.098398
0.228833
0.308924
0.324943
0.347826
0.389016
0.416476
0.512586
0.491991
0.457666
0.537757
0.029748
0.025172
0.029748
0.23341
0.292906
0.331808
0.372998
0.409611
0.416476
0.487414
0.498856
0.466819
0.540046
0.059497
0.06865
0.066362
0.210526
0.276888
0.327231
0.359268
0.379863
0.359268
0.434783
0.450801
0.475973
0.537757
0.061785
0.080092
0.084668
0.160183
0.226545
0.292906
0.313501
0.338673
0.329519
0.400458
0.453089
0.441648
0.524027
0.034325
0.093822
0.100686
0.226545
0.249428
0.295195
0.283753
0.340961
0.334096
0.386728
0.441648
0.455378
0.512586
0.077803
0.052632
0.050343
0.15103
0.23341
0.302059
0.292906
0.324943
0.327231
0.391304
0.423341
0.439359
0.526316
0.08238
0.073227
0.084668
0.153318
0.208238
0.295195
0.336384
0.336384
0.329519
0.363844
0.405034
0.427918
0.489703
0.020595
0.052632
0.05492
0.135011
0.221968
0.2746
0.311213
0.331808
0.327231
0.340961
0.400458
0.462243
0.501144
0.059497
0.043478
0.064073
0.116705
0.19222
0.235698
0.283753
0.334096
0.338673
0.368421
0.409611
0.439359
0.517162
0.066362
0.064073
0.032037
0.135011
0.21968
0.270023
0.283753
0.320366
0.322654
0.338673
0.402746
0.448513
0.521739
0.073227
0.034325
0.048055
0.146453
0.237986
0.322654
0.322654
0.322654
0.331808
0.372998
0.409611
0.439359
0.530892
0.0
0.04119
0.135011
0.194508
0.26087
0.324943
0.315789
0.345538
0.340961
0.389016
0.411899
0.450801
0.542334
0.05492
0.004577
0.077803
0.167048
0.20595
0.302059
0.340961
0.329519
0.343249
0.414188
0.453089
0.457666
0.560641
0.04119
0.011442
0.084668
0.176201
0.265446
0.340961
0.345538
0.354691
0.350114
0.384439
0.425629
0.464531
0.533181
0.084668
0.034325
0.130435
0.21968
0.276888
0.372998
0.361556
0.356979
0.377574
0.405034
0.411899
0.437071
0.542334
0.043478
0.073227
0.162471
0.226545
0.258581
0.350114
0.402746
0.405034
0.377574
0.439359
0.466819
0.443936
0.560641
0.075515
0.080092
0.153318
0.249428
0.322654
0.375286
0.398169
0.395881
0.372998
0.379863
0.421053
0.471396
0.560641